005008040
302070609
007609385
400090056
000817000
093400271
258300900
000056100
610702034

001780030
630004500
040390102
002650003
098001020
000030784
704209050
510040096
006010807

095080307
640000910
000192000
803060050
006740201
070025039
700058002
210370065
008009400

405168092
030052067
800007400
010930026
600000583
720000040
306700100
040815009
009640078

000004320
508170400
010906007
700503206
259000008
040081070
306709504
800020010
075340690

509063810
003902750
670040000
008621403
092400060
100007508
040030279
206800300
000054001

060100200
098300705
350078490
000921006
071000904
003060058
500800602
280704010
419050030

004980032
038076004
900001005
700504600
690300087
012000900
306100200
050847010
800020079

050108273
100607009
403050000
007329405
000760801
095080020
382000010
060294008
740000650

670025080
020000903
005084007
380090205
009567010
107800400
430170062
000603840
501000009
