000329000
400080000
090000001
009040008
060800500
007000002
000600900
500030000
002000034

000005013
040000000
000390072
069200040
720060009
100400000
000700006
010900050
056000000

700080500
100000096
068000000
000000902
090500030
043020000
000000000
050706400
684950020

006000400
040950700
000100003
207030600
009000028
000000000
050800100
800062030
000007000

000500000
000903020
912000000
000062080
000000000
045000270
067000500
001000009
000108030

040000007
510300000
809000240
098700060
620040700
000508000
907000006
000000004
000085070

050000400
030700060
008060000
003012000
000900000
176000050
000000604
005030008
460000900

060800900
700509000
000400802
000000000
000000014
093612000
200007000
380900000
009004300

600200907
090010200
000800150
050306000
200000080
700000000
002904000
000030000
580001600

200370050
080002000
000000004
050000030
096010000
300940086
070020800
809100200
000030000
