002009004
690530000
000800007
040600080
010000000
000071900
800000203
500000000
100002070

000017040
060009807
000000300
003800061
000300000
005000708
900080000
032900500
700006000

040208000
000400010
001000602
930000070
400000003
100500008
000306050
692000000
070000004

001040000
060500003
005000000
003000106
500600040
090300020
000001500
800006204
000000870

000009030
000760000
028004001
102000060
000830004
090000000
036000000
700090000
005610070

070010900
000300020
000904008
004050081
002030009
000000600
000700000
060000050
058000012

040006009
600400500
000209007
001607095
002000018
080004000
300000000
005300080
000005000

000000103
000064000
004709500
001000006
760003020
020050090
040030600
008000030
012000000

030907005
001000000
400060020
004300000
520008009
000070000
060291000
000000000
108500003

000008009
700090003
096000100
000172300
109000800
600000040
040000000
000685400
000007200
970005000
000106030
005000002
